%YAML:1.0

---

T_i_c: !!opencv-matrix
  rows: 4
  cols: 4
  dt: d
  data: [0.006712, -0.009714, 0.999930, 0.141185,
         -0.999939, -0.008876, 0.006626, 0.155248,
         0.008811, -0.999913, -0.009773, 0.019175,
         0.000000, 0.000000, 0.000000, 1.000000]

T_l_c: !!opencv-matrix
  rows: 4
  cols: 4
  dt: d
  data: [0.016402, -0.010113, 0.999814, 0.128861,
         -0.999053, -0.040463, 0.015980, 0.196876,
         0.040294, -0.999130, -0.010767, -0.126632,
         0.000000, 0.000000, 0.000000, 1.000000]

T_c_i: !!opencv-matrix
  rows: 4
  cols: 4
  dt: d
  data: [0.006712, -0.999939, 0.008811, 0.154122,
         -0.009714, -0.008876, -0.999913, 0.021923,
         0.999930, 0.006626, -0.009773, -0.142017,
         0.000000, 0.000000, 0.000000, 1.000000]

T_c_l: !!opencv-matrix
  rows: 4
  cols: 4
  dt: d
  data: [0.016402, -0.999053, 0.040294, 0.199678,
         -0.010113, -0.040463, -0.999130, -0.117253,
         0.999814, 0.015980, -0.010767, -0.133347,
         0.000000, 0.000000, 0.000000, 1.000000]

T_l_i: !!opencv-matrix
  rows: 4
  cols: 4
  dt: d
  data: [0.999953, -0.009686, 0.000485, -0.010823,
         0.009666, 0.999457, 0.031500, 0.039743,
         -0.000790, -0.031494, 0.999504, -0.140797,
         0.000000, 0.000000, 0.000000, 1.000000]

T_i_l: !!opencv-matrix
  rows: 4
  cols: 4
  dt: d
  data: [0.999953, 0.009666, -0.000790, 0.010327,
         -0.009686, 0.999457, -0.031494, -0.044261,
         0.000485, 0.031500, 0.999504, 0.139481,
         0.000000, 0.000000, 0.000000, 1.000000]
