%YAML:1.0

---

T_i_c: !!opencv-matrix
  rows: 4
  cols: 4
  dt: d
  data: [0.000416, -0.012775, 0.999918, 0.150770,
         -0.999992, -0.004086, 0.000363, 0.153154,
         0.004081, -0.999910, -0.012777, 0.010047,
         0.000000, 0.000000, 0.000000, 1.000000]

T_l_c: !!opencv-matrix
  rows: 4
  cols: 4
  dt: d
  data: [0.017870, -0.017601, 0.999685, 0.132943,
         -0.999729, -0.015250, 0.017602, 0.201061,
         0.014935, -0.999729, -0.017868, -0.083132,
         0.000000, 0.000000, 0.000000, 1.000000]

T_c_i: !!opencv-matrix
  rows: 4
  cols: 4
  dt: d
  data: [0.000416, -0.999992, 0.004081, 0.153050,
         -0.012775, -0.004086, -0.999910, 0.012598,
         0.999918, 0.000363, -0.012777, -0.150685,
         0.000000, 0.000000, 0.000000, 1.000000]

T_c_l: !!opencv-matrix
  rows: 4
  cols: 4
  dt: d
  data: [0.017870, -0.999729, 0.014935, 0.199872,
         -0.017601, -0.015250, -0.999729, -0.077703,
         0.999685, 0.017602, -0.017868, -0.137926,
         0.000000, 0.000000, 0.000000, 1.000000]

T_l_i: !!opencv-matrix
  rows: 4
  cols: 4
  dt: d
  data: [0.999836, -0.017435, 0.004899, -0.015181,
         0.017380, 0.999789, 0.010943, 0.045208,
         -0.005089, -0.010856, 0.999928, -0.090748,
         0.000000, 0.000000, 0.000000, 1.000000]

T_i_l: !!opencv-matrix
  rows: 4
  cols: 4
  dt: d
  data: [0.999836, 0.017380, -0.005089, 0.013931,
         -0.017435, 0.999789, -0.010856, -0.046449,
         0.004899, 0.010943, 0.999928, 0.090322,
         0.000000, 0.000000, 0.000000, 1.000000]
