%YAML:1.0

---

T_i_c: !!opencv-matrix
  rows: 4
  cols: 4
  dt: d
  data: [0.004642, -0.004607, 0.999979, 0.126079,
         -0.999986, 0.002385, 0.004653, 0.158404,
         -0.002406, -0.999987, -0.004596, 0.034204,
         0.000000, 0.000000, 0.000000, 1.000000]

T_l_c: !!opencv-matrix
  rows: 4
  cols: 4
  dt: d
  data: [0.024713, 0.012207, 0.999620, 0.157412,
         -0.999501, -0.019350, 0.024947, 0.162962,
         0.019647, -0.999738, 0.011723, -0.169579,
         0.000000, 0.000000, 0.000000, 1.000000]

T_c_i: !!opencv-matrix
  rows: 4
  cols: 4
  dt: d
  data: [0.004642, -0.999986, -0.002406, 0.157899,
         -0.004607, 0.002385, -0.999987, 0.034407,
         0.999979, 0.004653, -0.004596, -0.126656,
         0.000000, 0.000000, 0.000000, 1.000000]

T_c_l: !!opencv-matrix
  rows: 4
  cols: 4
  dt: d
  data: [0.024713, -0.999501, 0.019647, 0.162322,
         0.012207, -0.019350, -0.999738, -0.168303,
         0.999620, 0.024947, 0.011723, -0.159429,
         0.000000, 0.000000, 0.000000, 1.000000]

T_l_i: !!opencv-matrix
  rows: 4
  cols: 4
  dt: d
  data: [0.999657, -0.020033, -0.016861, 0.035126,
         0.020396, 0.999558, 0.021640, 0.001316,
         0.016420, -0.021976, 0.999624, -0.202360,
         0.000000, 0.000000, 0.000000, 1.000000]

T_i_l: !!opencv-matrix
  rows: 4
  cols: 4
  dt: d
  data: [0.999657, 0.020396, 0.016420, -0.031818,
         -0.020033, 0.999558, -0.021976, -0.005058,
         -0.016861, 0.021640, 0.999624, 0.202847,
         0.000000, 0.000000, 0.000000, 1.000000]
